&title=图灵之迹叠键
&artist=请设置艺术家
&first=0
&des=herfi

&lv_5=14+
&inote_5=(180)
{4},,,,,{100},,,,,,
{16}5,3,7,2,8,1,1,,2,2,,3,3,
{16},4,4,,5,3,6,4,8,8,,7,7,,6,6,
{16},5,5,,2,6,3,5,4,4,3,4,4,5,4,4,
{16}3,4,4,5,4,4,3,,5,5,6,5,5,4,5,5,
{48}6,,,5,,,5,,,4,,,5,,,6,,,7,,,8,,,1x,,2x,,1x,,2x,,1x,,2x,,1x,,2x,,1x,,2x,,1x,,2x,,

{4},,,,,,,,,,{100},,,,,,,,
{16}5,3,7,2,8,1,1,,2,2,,3,3,
{16},4,4,,5,3,6,4,8,8,,7,7,,6,6,
{16},5,5,,2,6,3,5,4,4,3,4,4,5,4,4,
{16}3,4,4,5,4,4,3,,5,5,6,5,5,4,5,5,
{48}6,,,5,,,5,,,4,,,5,,,6,,,7,,,8,,,1x,,2x,,1x,,2x,,1x,,2x,,1x,,2x,,1x,,2x,,1x,,2x,,

{4},,,,,,,,,,{100},,,,,,,,
{16}5,3,7,2,8,1,1,,2,2,,3,3,
{16},4,4,,5,3,6,4,8,8,,7,7,,6,6,
{16},5,5,,2,6,3,5,4,4,3,4,4,5,4,4,
{16}3,4,4,5,4,4,3,,5,5,6,5,5,4,5,5,
{48}6,,,5,,,5,,,4,,,5,,,6,,,7,,,8,,,1x,,2x,,1x,,2x,,1x,,2x,,1x,,2x,,1x,,2x,,1x,,2x,,


{4},,,,,,,,,,{100},,,,,,,,
{16}5,3,7,2,8,1,1,,2,2,,3,3,
{16},4,4,,5,3,6,4,8,8,,7,7,,6,6,
{16},5,5,,2,6,3,5,4,4,3,4,4,5,4,4,
{16}3,4,4,5,4,4,3,,5,5,6,5,5,4,5,5,
{48}6,,,5,,,5,,,4,,,5,,,6,,,7,,,8,,,1x,,2x,,1x,,2x,,1x,,2x,,1x,,2x,,1x,,2x,,1x,,2x,,
