&title=脑浆结尾段
&artist=请设置艺术家
&first=0
&des=herfi

&lv_5=13+
&inote_5=(155)
{4},,,
{16}6>3[8:1],,,,,,,,8,,7/8,,7,6,,6,
{16}5,,5,4,,4,3,,3,,2/3,,2,1,,1,
{16}8,,8,7,,7,6,,6,,7/8,,1,2,,2,
{16}3,,3,4,,4,5,,5,,6/7,,8,1,,1,
{16}2,,2,3,,3,2,,2,,2/8,,8,7,,7,
{16}6,,6,5,,5,4,,4,,1/3,,8,1,,1,
{16}2,,2,3,,3,4,,4,,5/7,,8,1,,1,
{16}2,,2,3,,3,4,,4,,5/7,,8,7,,7,
{16}6,,6,5,,5,4,,4,,2/3,,4,6,,6,
{16}8,,8,1,,1,2,3b,,,,,,,,,
{1},



{4},,,,,
{16}6>3[8:1],,,,,,,,8,,7/8,,7,6,,6,
{16}5,,5,4,,4,3,,3,,2/3,,2,1,,1,
{16}8,,8,7,,7,6,,6,,7/8,,1,2,,2,
{16}3,,3,4,,4,5,,5,,6/7,,8,1,,1,
{16}2,,2,3,,3,2,,2,,2/8,,8,7,,7,
{16}6,,6,5,,5,4,,4,,1/3,,8,1,,1,
{16}2,,2,3,,3,4,,4,,5/7,,8,1,,1,
{16}2,,2,3,,3,4,,4,,5/7,,8,7,,7,
{16}6,,6,5,,5,4,,4,,2/3,,4,6,,6,
{16}8,,8,1,,1,2,3b,,,,,,,,,
{1},

{4},,,,,
{16}6>3[8:1],,,,,,,,8,,7/8,,7,6,,6,
{16}5,,5,4,,4,3,,3,,2/3,,2,1,,1,
{16}8,,8,7,,7,6,,6,,7/8,,1,2,,2,
{16}3,,3,4,,4,5,,5,,6/7,,8,1,,1,
{16}2,,2,3,,3,2,,2,,2/8,,8,7,,7,
{16}6,,6,5,,5,4,,4,,1/3,,8,1,,1,
{16}2,,2,3,,3,4,,4,,5/7,,8,1,,1,
{16}2,,2,3,,3,4,,4,,5/7,,8,7,,7,
{16}6,,6,5,,5,4,,4,,2/3,,4,6,,6,
{16}8,,8,1,,1,2,3b,,,,,,,,,
{1},


{4},,,,,
{16}6>3[8:1],,,,,,,,8,,7/8,,7,6,,6,
{16}5,,5,4,,4,3,,3,,2/3,,2,1,,1,
{16}8,,8,7,,7,6,,6,,7/8,,1,2,,2,
{16}3,,3,4,,4,5,,5,,6/7,,8,1,,1,
{16}2,,2,3,,3,2,,2,,2/8,,8,7,,7,
{16}6,,6,5,,5,4,,4,,1/3,,8,1,,1,
{16}2,,2,3,,3,4,,4,,5/7,,8,1,,1,
{16}2,,2,3,,3,4,,4,,5/7,,8,7,,7,
{16}6,,6,5,,5,4,,4,,2/3,,4,6,,6,
{16}8,,8,1,,1,2,3b,,,,,,,,,
{1},
